1 2.51872 -19.4532
2 2.22465 -19.8182
3 3.08989 -19.1342
4 3.32077 -18.7001
5 3.10464 -19.0151
6 3.70462 -19.5732
7 3.62622 -19.8925
8 4.17501 -20.2115
9 3.19574 -20.4159
10 2.41508 -20.2177
11 2.70032 -19.9655
12 3.44009 -19.3887
13 3.18718 -19.6594
14 2.80148 -19.4571
15 6.70191 -19.1439
16 5.32885 -19.1201
17 7.76973 -18.079
18 5.74704 -18.0445
19 2.2765 -19.1722
20 1.72529 -19.4456
21 4.07445 -19.039
22 4.8425 -18.8448
23 2.67333 -19.5509
24 3.4802 -19.1949
25 5.11227 -18.4885
26 5.62378 -18.529
27 5.50642 -18.2041
28 5.76933 -17.851
29 4.67297 -17.9556
30 3.96872 -17.7564
31 2.16455 -18.3021
32 1.3884 -18.7106
33 2.8013 -18.1703
34 5.15015 -17.4763
35 5.54304 -17.4544
36 5.98956 -17.4744
37 6.85318 -16.8137
38 8.07235 -16.8902
39 6.28878 -17.3497
40 3.92164 -17.6032
41 4.877 -17.1008
42 4.48315 -17.1507
43 5.07061 -16.6325
44 6.249 -16.1709
45 7.28236 -16.0253
46 5.2006 -16.5139
47 4.29667 -16.7552
48 5.22484 -16.6307
49 5.60695 -16.6392
50 5.98087 -16.2494
51 5.73182 -16.01
52 5.00626 -16.7372
53 2.98343 -16.3329
54 6.65294 -15.748
55 7.83704 -15.4688
56 5.59434 -15.3817
57 4.49883 -15.4514
58 8.1092 -15.2364
59 6.01196 -15.0682
60 1.7881 -15.7274
61 7.59989 -15.6345
62 6.65102 -15.2531
63 4.00005 -14.9587
64 5.38847 -14.627
65 4.03953 -15.2786
66 2.83531 -15.2387
67 4.51201 -15.081
68 4.33964 -14.5937
69 4.16149 -14.0456
70 5.21157 -13.8394
71 9.06684 -13.6217
72 5.94192 -13.9145
73 4.50507 -13.7311
74 4.82217 -13.3278
75 4.26261 -13.3578
76 3.99384 -12.8272
77 5.75083 -12.4431
78 6.92734 -12.5436
79 6.02046 -12.4313
80 6.27706 -11.9443
81 8.80646 -11.8199
82 6.43773 -11.6312
83 4.85376 -11.9396
84 4.14809 -12.1678
85 5.11553 -11.7458
86 3.98264 -11.7236
87 2.71044 -11.3652
88 6.71309 -10.8994
89 4.76993 -11.2755
90 1.91186 -11.3704
91 1.6208 -11.3858
92 2.99745 -10.938
93 3.87653 -10.9282
94 4.26805 -10.7095
95 4.23849 -10.977
96 4.76807 -11.2202
97 6.46049 -10.6798
98 3.53452 -9.95253
99 4.61881 -10.0632
100 6.11011 -10.0569
101 2.14284 -10.2953
102 2.20173 -9.99114
103 3.01651 -9.73693
104 2.93705 -10.1177
105 3.01936 -9.51362
106 4.20147 -8.95497
107 3.81374 -9.27437
108 2.25916 -9.27269
109 2.31026 -9.29316
110 2.54845 -9.08563
111 2.1534 -8.87421
112 1.38604 -8.53321
113 2.83856 -8.69874
114 3.0569 -8.6323
115 2.3534 -8.46239
116 2.27356 -8.4764
117 2.45892 -8.0709
118 1.49178 -7.97464
119 1.58969 -7.98634
120 1.41096 -8.09016
121 3.52291 -7.68627
122 3.8263 -7.53323
123 2.67526 -7.58333
124 2.38178 -7.40785
125 1.11826 -7.19632
126 1.42173 -7.10536
127 1.03274 -7.11502
128 2.34938 -7.00969
129 1.88264 -6.50211
130 2.02467 -6.51452
131 2.3312 -6.56015
132 1.72183 -6.50567
133 2.81688 -6.28045
134 2.01282 -6.16215
135 1.07088 -6.09369
136 0.777129 -5.84968
137 0.528771 -5.82625
138 1.38301 -5.55315
139 2.0451 -5.31156
140 0.956053 -5.41008
141 1.6553 -5.55512
142 1.4468 -5.12663
143 2.02641 -4.65315
144 2.09045 -4.44543
145 1.30879 -4.34074
146 0.900911 -4.58786
147 1.01534 -4.39591
148 0.92542 -4.36625
149 0.962283 -4.32611
150 1.13467 -4.36231
151 0.958458 -4.2924
152 1.354 -4.08466
153 1.47672 -4.18679
154 0.991293 -4.00779
155 1.33979 -3.39326
156 1.51832 -3.40056
157 0.780985 -3.48862
158 0.949077 -3.20286
159 1.74037 -2.88393
160 3.63684 -2.474
161 0.843263 -2.37772
162 2.1171 -2.19316
163 2.91781 -2.06617
164 1.48171 -2.08045
165 0.951126 -1.8257
166 1.12028 -1.74072
167 2.30433 -1.49956
168 2.72769 -1.31491
169 1.31952 -1.35805
170 1.33063 -1.18028
171 1.56541 -0.95096
172 1.27964 -0.508598
173 1.62529 -0.179394
174 1.34126 0.199602
175 1.4248 0.746286
176 1.10922 1.17849
177 2.02774 1.61841
178 1.44408 1.95872
179 1.69237 2.29201
180 1.83302 2.43104
181 2.73848 2.48073
182 3.11843 2.63669
183 2.54272 2.76158
184 2.66515 3.20231
185 3.75497 3.08754
186 1.66762 3.36453
187 3.84148 3.6381
188 4.73794 3.72368
189 2.84188 3.92776
190 1.90926 4.12073
191 2.32715 4.07639
192 4.74209 4.08125
193 3.57837 4.29249
194 4.1446 4.40244
195 4.20019 4.56885
196 2.84224 4.77856
197 2.75348 5.15297
198 4.09243 5.24171
199 3.82432 5.34412
200 3.29764 5.24451
201 3.90308 5.46764
202 4.70032 5.37513
203 4.97497 5.3737
204 3.78984 5.58354
205 4.27325 5.51827
206 3.55902 5.60305
207 3.19457 5.90182
208 3.53317 5.91408
209 4.92643 6.12516
210 5.25683 6.08478
211 5.32198 6.08272
212 4.48618 6.15595
213 3.95726 6.20639
214 4.53134 6.12098
215 6.39728 5.89117
216 4.40228 5.80339
217 3.39994 5.70674
218 3.38024 5.87657
219 3.3044 5.80181
220 3.84587 6.01646
221 3.73342 5.84892
222 3.33524 5.77516
223 3.11585 5.77035
224 3.05183 5.89147
225 3.41083 5.80656
226 5.31759 5.38984
227 3.80949 5.2727
228 4.26155 5.3936
229 3.28516 5.3464
230 2.11828 5.4206
231 1.94725 5.47155
232 2.71215 5.28594
233 2.91479 5.2629
234 2.82594 5.1396
235 2.94678 4.8067
236 2.50564 4.66298
237 2.00049 4.67778
238 2.32299 4.54361
239 1.99152 4.49095
240 2.24168 4.13861
241 2.02362 3.95006
242 2.07845 3.89445
243 1.96938 3.99599
244 2.50549 3.72813
245 2.2767 3.67083
246 2.06482 3.48232
247 2.52461 3.26486
248 2.97344 3.15357
249 2.83888 2.75739
250 2.26709 2.4466
251 1.71345 2.39713
252 2.29362 1.99525
253 3.04586 1.95728
254 3.05337 1.67358
255 2.67305 1.72787
256 2.97579 1.59254
257 2.84073 1.29201
258 1.65721 0.774953
259 1.57816 0.397205
260 1.3937 0.176224
261 1.15354 0.318202
262 1.30399 0.156646
263 3.10452 -0.0834185
264 1.43369 -0.447903
265 0.82056 -0.804708
266 3.72546 -1.05844
267 5.90566 -1.38086
268 3.48978 -2.09958
269 1.67992 -2.51789
270 1.33449 -2.72361
271 0.48575 -2.86939
272 0.585622 -3.13758
273 0.534808 -3.66536
274 0.422956 -3.75372
275 0.375594 -3.67456
276 0.816272 -3.95676
277 0.974098 -3.82015
278 0.860796 -4.16229
279 0.475587 -4.4486
280 0.416059 -4.73602
281 0.33282 -4.78285
282 0.509124 -5.05887
283 1.10888 -5.69848
284 0.619129 -6.18269
285 1.04381 -6.61076
286 1.1218 -6.70769
287 0.575777 -7.07184
288 0.497497 -7.53805
289 1.0645 -7.72245
290 2.99579 -7.59958
291 2.34907 -8.11662
292 0.6866 -8.50105
293 1.38856 -8.65072
294 0.762319 -9.31963
295 0.429502 -9.52457
296 1.12655 -9.82033
297 0.686556 -10.3068
298 0.446031 -10.6545
299 0.484232 -10.7054
300 1.17533 -10.9375
301 0.424748 -11.1356
302 0.554218 -10.7324
303 0.448273 -10.8536
304 0.324226 -10.9875
305 0.377859 -11.3171
306 0.354905 -11.6347
307 0.925709 -11.4844
308 3.02513 -11.3253
309 1.11507 -11.4185
310 0.627226 -12.2274
311 0.981192 -13.0445
312 0.978084 -13.1404
313 0.851969 -12.8919
314 1.48961 -13.2313
315 1.05898 -13.2361
316 0.600746 -13.508
317 0.365054 -13.5615
318 0.80825 -13.4334
319 1.42756 -13.4617
320 0.726667 -13.613
321 1.01108 -14.1904
322 0.802397 -14.4967
323 1.32583 -14.5676
324 0.581523 -15.5102
325 0.391253 -15.552
326 0.642119 -15.5125
327 1.48314 -15.3514
328 0.636149 -15.5876
329 0.990442 -15.5475
330 1.37856 -15.4702
331 1.36214 -16.0305
332 1.98152 -16.1392
333 0.950218 -16.7513
334 0.729055 -16.8963
335 0.787981 -17.4196
336 0.288997 -16.8855
337 0.566385 -16.9495
338 1.33958 -16.5488
339 1.42048 -16.6349
340 0.828987 -16.3225
341 0.593862 -16.6862
342 1.75129 -16.041
343 3.29915 -16.1858
344 3.23275 -16.5319
345 2.11592 -17.1466
346 3.19536 -16.587
347 3.24679 -17.1479
348 3.35141 -17.4174
349 2.45074 -17.8184
350 3.22167 -17.6047
351 1.95632 -17.2371
352 1.09894 -18.3143
353 1.78739 -17.937
354 2.60328 -17.656
355 2.23777 -18.1953
356 1.59765 -18.484
357 2.95783 -18.0182
358 1.17531 -18.7819
359 1.69538 -19.8005
360 1.77752 -19.4179
361 2.60149 -19.699
362 2.56438 -19.0369
363 3.01844 -18.9693
364 3.65228 -18.7109
365 3.20519 -19.4035
366 3.39526 -19.2485
