2 4 -0.498047 0.9 4.07808 12.0532 8.16293 5.72126 -1.83096 17.9623
2 4 -0.498047 0.95 4.30464 12.7229 8.44247 5.18552 -0.905145 17.9326
2 4 -0.498047 1 4.5312 13.3925 8.71286 4.67495 0.00466719 17.919
2 4 -0.498047 1.05 4.75776 14.0621 8.94886 4.16972 0.943515 17.8763
2 4 -0.498047 1.1 4.98432 14.7317 9.16984 3.75308 1.80881 17.9072


2 5 -0.705566 0.9 4.01062 12.1207 7.93371 6.23082 -2.04385 18.1752
2 5 -0.705566 0.95 4.23343 12.7941 8.19789 5.58159 -0.985423 18.0129
2 5 -0.705566 1 4.45624 13.4674 8.43442 5.02561 0.00738871 17.9163
2 5 -0.705566 1.05 4.67906 14.1408 8.65038 4.46773 1.02269 17.7972
2 5 -0.705566 1.1 4.90187 14.8142 8.84804 4.00525 1.96088 17.7552


2 6 -0.874023 0.9 3.96905 12.1623 7.73533 6.67366 -2.24674 18.378
2 6 -0.874023 0.95 4.18956 12.8379 7.97207 5.97862 -1.11276 18.1403
2 6 -0.874023 1 4.41006 13.5136 8.19116 5.31405 0.00839611 17.9153
2 6 -0.874023 1.05 4.63056 14.1893 8.38903 4.75999 1.04027 17.7796
2 6 -0.874023 1.1 4.85106 14.865 8.56391 4.25477 2.0463 17.6697


2 7 -1.01898 0.9 3.91801 12.2133 7.5516 7.04363 -2.38193 18.5132
2 7 -1.01898 0.95 4.13567 12.8918 7.77793 6.24212 -1.12824 18.1557
2 7 -1.01898 1 4.35334 13.5703 7.97622 5.57543 0.0186771 17.905
2 7 -1.01898 1.05 4.57101 14.2488 8.15824 4.97114 1.11947 17.7004
2 7 -1.01898 1.1 4.78867 14.9274 8.32356 4.4099 2.19391 17.5221


2 8 -1.14624 0.9 3.88158 12.2497 7.38752 7.3575 -2.4953 18.6266
2 8 -1.14624 0.95 4.09723 12.9303 7.58747 6.57968 -1.23689 18.2644
2 8 -1.14624 1 4.31287 13.6108 7.77956 5.82165 0.0095914 17.9141
2 8 -1.14624 1.05 4.52851 14.2913 7.94501 5.12703 1.21931 17.6005
2 8 -1.14624 1.1 4.74416 14.9719 8.10062 4.51678 2.35448 17.3616


2 9 -1.25153 0.9 3.84377 12.2875 7.23715 7.66117 -2.61079 18.7421
2 9 -1.25153 0.95 4.05731 12.9702 7.43583 6.77924 -1.24489 18.2724
2 9 -1.25153 1 4.27085 13.6528 7.60765 6.02726 0.0179074 17.9058
2 9 -1.25153 1.05 4.4844 14.3355 7.77298 5.30734 1.25514 17.5647
2 9 -1.25153 1.1 4.69794 15.0181 7.91585 4.63808 2.46417 17.2519


2 10 -1.33881 0.9 3.80742 12.3239 7.11322 7.96019 -2.74953 18.8808
2 10 -1.33881 0.95 4.01895 13.0085 7.30288 7.02613 -1.32047 18.348
2 10 -1.33881 1 4.23047 13.6932 7.46873 6.2348 -0.0103295 17.934
2 10 -1.33881 1.05 4.442 14.3779 7.62337 5.45886 1.29563 17.5242
2 10 -1.33881 1.1 4.65352 15.0625 7.76647 4.77125 2.5248 17.1912


2 11 -1.41602 0.9 3.78401 12.3473 7.00278 8.26791 -2.92339 19.0547
2 11 -1.41602 0.95 3.99423 13.0333 7.17888 7.33092 -1.47654 18.504
2 11 -1.41602 1 4.20445 13.7192 7.3448 6.37653 -0.00210718 17.9258
2 11 -1.41602 1.05 4.41468 14.4052 7.48987 5.68294 1.23237 17.5875
2 11 -1.41602 1.1 4.6249 15.0911 7.62928 4.8842 2.57766 17.1384


2 12 -1.48926 0.9 3.75617 12.3751 6.89619 8.48204 -3.0031 19.1344
2 12 -1.48926 0.95 3.96485 13.0626 7.06217 7.573 -1.57252 18.6
2 12 -1.48926 1 4.17352 13.7501 7.22091 6.53798 -0.00873588 17.9324
2 12 -1.48926 1.05 4.3822 14.4377 7.36413 5.72373 1.34979 17.4701
2 12 -1.48926 1.1 4.59088 15.1252 7.4936 4.99454 2.63702 17.079


2 13 -1.57135 0.9 3.72428 12.407 6.76869 8.69166 -3.05333 19.1846
2 13 -1.57135 0.95 3.93119 13.0963 6.93481 7.59109 -1.4296 18.4571
2 13 -1.57135 1 4.13809 13.7856 7.08242 6.71458 -0.0114172 17.9351
2 13 -1.57135 1.05 4.345 14.4749 7.22543 5.77372 1.47571 17.3441
2 13 -1.57135 1.1 4.5519 15.1641 7.34417 4.97592 2.84405 16.872


2 14 -1.63086 0.9 3.706 12.4253 6.67819 8.92139 -3.17427 19.3056
2 14 -1.63086 0.95 3.91189 13.1156 6.84149 7.82367 -1.54956 18.577
2 14 -1.63086 1 4.11778 13.8059 6.98494 6.82476 -0.00380513 17.9275
2 14 -1.63086 1.05 4.32367 14.4962 7.12006 5.85609 1.52004 17.2998
2 14 -1.63086 1.1 4.52955 15.1865 7.23894 5.05137 2.89617 16.8199


2 15 -1.68701 0.9 3.67196 12.4593 6.59265 9.09581 -3.22911 19.3604
2 15 -1.68701 0.95 3.87596 13.1515 6.74918 7.96796 -1.56561 18.5931
2 15 -1.68701 1 4.07996 13.8437 6.89272 6.95264 -0.00164744 17.9253
2 15 -1.68701 1.05 4.28395 14.5359 7.02036 5.92954 1.586 17.2339
2 15 -1.68701 1.1 4.48795 15.2281 7.13933 5.10175 2.98701 16.729


3 4 -1.48438 0.9 3.75759 12.3737 8.1154 5.81168 -1.55336 17.6847
3 4 -1.48438 0.95 3.96635 13.0611 8.43332 5.35315 -0.725328 17.7528
3 4 -1.48438 1 4.1751 13.7486 8.72521 5.0214 0.00195923 17.9217
3 4 -1.48438 1.05 4.38386 14.436 9.00386 4.62467 0.807472 18.0124
3 4 -1.48438 1.1 4.59261 15.1234 9.27268 4.25608 1.59466 18.1214


3 5 -1.68457 0.9 3.67196 12.4593 7.87918 6.34896 -1.7688 17.9001
3 5 -1.68457 0.95 3.87596 13.1515 8.15827 5.91902 -0.925763 17.9533
3 5 -1.68457 1 4.07996 13.8437 8.43736 5.40458 0.00177627 17.9219
3 5 -1.68457 1.05 4.28395 14.5359 8.68669 5.03219 0.817015 18.0028
3 5 -1.68457 1.1 4.48795 15.2281 8.92518 4.64792 1.65499 18.0611


3 6 -1.85547 0.9 3.60955 12.5218 7.64115 6.79152 -1.91091 18.0422
3 6 -1.85547 0.95 3.81008 13.2174 7.91944 6.30602 -1.00805 18.0355
3 6 -1.85547 1 4.01061 13.9131 8.15816 5.75129 0.00360943 17.9201
3 6 -1.85547 1.05 4.21114 14.6087 8.39688 5.36913 0.842706 17.9772
3 6 -1.85547 1.1 4.41167 15.3044 8.61091 4.95032 1.74313 17.9729


3 7 -2.00195 0.9 3.54266 12.5886 7.44219 7.17248 -2.02602 18.1573
3 7 -2.00195 0.95 3.73947 13.288 7.68122 6.65332 -1.04652 18.074
3 7 -2.00195 1 3.93628 13.9874 7.92025 6.06657 0.000566564 17.9231
3 7 -2.00195 1.05 4.1331 14.6868 8.13133 5.60144 0.95398 17.8659
3 7 -2.00195 1.1 4.32991 15.3861 8.3312 5.15288 1.90205 17.814


3 8 -2.13867 0.9 3.49785 12.6335 7.22619 7.5407 -2.13344 18.2647
3 8 -2.13867 0.95 3.69217 13.3353 7.46549 6.85842 -0.988589 18.0161
3 8 -2.13867 1 3.8865 14.0372 7.67473 6.36 0.00244435 17.9212
3 8 -2.13867 1.05 4.08082 14.739 7.87478 5.82144 1.04282 17.777
3 8 -2.13867 1.1 4.27515 15.4409 8.06318 5.28405 2.09366 17.6224


3 9 -2.23877 0.9 3.44926 12.682 7.0717 7.85545 -2.2451 18.3764
3 9 -2.23877 0.95 3.64089 13.3866 7.29248 7.20277 -1.10865 18.1361
3 9 -2.23877 1 3.83251 14.0912 7.49271 6.59726 0.00119005 17.9225
3 9 -2.23877 1.05 4.02414 14.7957 7.68966 6.01472 1.09133 17.7285
3 9 -2.23877 1.1 4.21577 15.5003 7.85667 5.49929 2.14431 17.5717


3 10 -2.32391 0.9 3.40292 12.7284 6.94018 8.15769 -2.36948 18.5008
3 10 -2.32391 0.95 3.59197 13.4355 7.14053 7.54845 -1.25347 18.281
3 10 -2.32391 1 3.78103 14.1426 7.34089 6.79255 0.00921119 17.9145
3 10 -2.32391 1.05 3.97008 14.8498 7.51705 6.27569 1.05704 17.7628
3 10 -2.32391 1.1 4.15913 15.5569 7.68419 5.74524 2.12748 17.5886


3 11 -2.41699 0.9 3.3742 12.7571 6.77562 8.45412 -2.47263 18.6039
3 11 -2.41699 0.95 3.56165 13.4658 6.97601 7.71353 -1.22371 18.2512
3 11 -2.41699 1 3.74911 14.1746 7.16258 7.00858 0.00340473 17.9203
3 11 -2.41699 1.05 3.93656 14.8833 7.32976 6.39071 1.16282 17.657
3 11 -2.41699 1.1 4.12402 15.592 7.49694 5.82263 2.27245 17.4436


3 12 -2.49329 0.9 3.33836 12.7929 6.64531 8.62841 -2.48078 18.6121
3 12 -2.49329 0.95 3.52383 13.5037 6.84547 7.94135 -1.28315 18.3106
3 12 -2.49329 1 3.70929 14.2144 7.01274 7.20935 -0.00771082 17.9314
3 12 -2.49329 1.05 3.89476 14.9251 7.18001 6.60585 1.13924 17.6806
3 12 -2.49329 1.1 4.08022 15.6358 7.33319 5.99595 2.30668 17.4094


3 13 -2.56622 0.9 3.30563 12.8257 6.52198 8.92056 -2.61686 18.7482
3 13 -2.56622 0.95 3.48927 13.5382 6.70505 8.12287 -1.28971 18.3172
3 13 -2.56622 1 3.67292 14.2508 6.87244 7.41715 -0.0388329 17.9625
3 13 -2.56622 1.05 3.85656 14.9633 7.0363 6.71036 1.21663 17.6032
3 13 -2.56622 1.1 4.04021 15.6758 7.18077 6.06699 2.42807 17.288


3 14 -2.63275 0.9 3.27358 12.8577 6.41197 9.01104 -2.56529 18.6966
3 14 -2.63275 0.95 3.45544 13.572 6.57947 8.29744 -1.30485 18.3323
3 14 -2.63275 1 3.63731 14.2864 6.74696 7.56379 -0.024383 17.9481
3 14 -2.63275 1.05 3.81917 15.0007 6.89965 6.80754 1.29349 17.5264
3 14 -2.63275 1.1 4.00104 15.715 7.04422 6.15382 2.51696 17.1991


3 15 -2.7002 0.9 3.2413 12.89 6.28537 9.32229 -2.71765 18.849
3 15 -2.7002 0.95 3.42138 13.6061 6.45288 8.44029 -1.28706 18.3146
3 15 -2.7002 1 3.60145 14.3222 6.6171 7.70564 -0.000508289 17.9242
3 15 -2.7002 1.05 3.78152 15.0383 6.76169 6.97883 1.29782 17.522
3 15 -2.7002 1.1 3.96159 15.7544 6.90628 6.20412 2.64405 17.072


4 4 -2.00928 0.9 3.54127 12.59 8.1294 5.85613 -1.39549 17.5268
4 4 -2.00928 0.95 3.73801 13.2895 8.4488 5.54336 -0.702682 17.7302
4 4 -2.00928 1 3.93475 13.9889 8.7682 5.22817 -0.00744249 17.9311
4 4 -2.00928 1.05 4.13148 14.6884 9.0742 4.90443 0.709742 18.1101
4 4 -2.00928 1.1 4.32822 15.3878 9.35393 4.64489 1.389 18.327


4 5 -2.23083 0.9 3.45499 12.6763 7.83156 6.35944 -1.51469 17.646
4 5 -2.23083 0.95 3.64693 13.3806 8.13771 5.99035 -0.747504 17.775
4 5 -2.23083 1 3.83888 14.0848 8.418 5.65733 0.00946389 17.9142
4 5 -2.23083 1.05 4.03082 14.789 8.69829 5.27238 0.818364 18.0015
4 5 -2.23083 1.1 4.22277 15.4933 8.96648 4.98762 1.53917 18.1769


4 6 -2.39868 0.9 3.38408 12.7472 7.58624 6.88462 -1.72363 17.8549
4 6 -2.39868 0.95 3.57208 13.4554 7.86698 6.47822 -0.889798 17.9173
4 6 -2.39868 1 3.76008 14.1636 8.14772 6.01183 0.00403182 17.9196
4 6 -2.39868 1.05 3.94809 14.8718 8.38972 5.6686 0.813445 18.0064
4 6 -2.39868 1.1 4.13609 15.5799 8.62935 5.30415 1.64644 18.0696


4 7 -2.54883 0.9 3.31767 12.8136 7.35733 7.20913 -1.75282 17.8841
4 7 -2.54883 0.95 3.50199 13.5255 7.62486 6.79744 -0.896804 17.9243
4 7 -2.54883 1 3.6863 14.2374 7.8649 6.3781 -0.00563506 17.9293
4 7 -2.54883 1.05 3.87062 14.9492 8.10494 5.90171 0.942586 17.8773
4 7 -2.54883 1.1 4.05493 15.6611 8.33404 5.56896 1.7581 17.9579


4 8 -2.6709 0.9 3.25413 12.8772 7.1625 7.59326 -1.87859 18.0099
4 8 -2.6709 0.95 3.43491 13.5926 7.40295 7.10463 -0.915008 17.9425
4 8 -2.6709 1 3.6157 14.308 7.6434 6.67327 -0.00869941 17.9324
4 8 -2.6709 1.05 3.79648 15.0234 7.86299 6.22668 0.93371 17.8861
4 8 -2.6709 1.1 3.97727 15.7388 8.06379 5.85875 1.81624 17.8998


4 9 -2.7774 0.9 3.20994 12.9214 6.973 7.97255 -2.02418 18.1555
4 9 -2.7774 0.95 3.38827 13.6392 7.2137 7.42213 -0.996619 18.0241
4 9 -2.7774 1 3.5666 14.3571 7.43641 6.93109 -0.0104298 17.9341
4 9 -2.7774 1.05 3.74493 15.0749 7.63747 6.45485 0.982605 17.8373
4 9 -2.7774 1.1 3.92326 15.7928 7.83853 6.02994 1.92431 17.7917


4 10 -2.88086 0.9 3.15542 12.9759 6.7949 8.18639 -2.00541 18.1367
4 10 -2.88086 0.95 3.33073 13.6968 7.01849 7.67191 -0.993629 18.0211
4 10 -2.88086 1 3.50603 14.4176 7.21965 7.19273 0.00527276 17.9184
4 10 -2.88086 1.05 3.68133 15.1385 7.4208 6.62004 1.09769 17.7222
4 10 -2.88086 1.1 3.85663 15.8594 7.60896 6.21018 2.04027 17.6758


4 11 -2.96082 0.9 3.11409 13.0172 6.65859 8.44508 -2.08645 18.2178
4 11 -2.96082 0.95 3.28709 13.7404 6.86006 7.96587 -1.08554 18.113
4 11 -2.96082 1 3.4601 14.4636 7.06153 7.41012 -0.00807861 17.9318
4 11 -2.96082 1.05 3.6331 15.1868 7.25412 6.89594 1.03669 17.7832
4 11 -2.96082 1.1 3.80611 15.9099 7.42195 6.39935 2.08863 17.6274


4 12 -3.03711 0.9 3.07899 13.0523 6.50568 8.81143 -2.2648 18.3961
4 12 -3.03711 0.95 3.25005 13.7774 6.70717 8.22783 -1.15756 18.185
4 12 -3.03711 1 3.4211 14.5026 6.90866 7.5918 0.0021072 17.9216
4 12 -3.03711 1.05 3.59216 15.2277 7.07892 7.07508 1.0737 17.7462
4 12 -3.03711 1.1 3.76321 15.9528 7.24677 6.5717 2.13436 17.5817


4 13 -3.11035 0.9 3.04179 13.0895 6.36609 9.05841 -2.33499 18.4663
4 13 -3.11035 0.95 3.21078 13.8167 6.56783 8.33474 -1.08586 18.1133
4 13 -3.11035 1 3.37976 14.5439 6.7505 7.79351 -9.97465e-05 17.9238
4 13 -3.11035 1.05 3.54875 15.2711 6.9186 7.242 1.11051 17.7093
4 13 -3.11035 1.1 3.71774 15.9983 7.0867 6.71977 2.19183 17.5242


4 14 -3.17383 0.9 3.00022 13.1311 6.24756 9.20147 -2.31795 18.4493
4 14 -3.17383 0.95 3.1669 13.8606 6.44254 8.61386 -1.19582 18.2233
4 14 -3.17383 1 3.33358 14.5901 6.61069 7.97572 0.0036782 17.92
4 14 -3.17383 1.05 3.50026 15.3196 6.77884 7.44736 1.0934 17.7265
4 14 -3.17383 1.1 3.66694 16.0491 6.9438 6.82433 2.28097 17.4351


4 15 -3.23242 0.9 2.97734 13.154 6.13868 9.44894 -2.43365 18.565
4 15 -3.23242 0.95 3.14275 13.8847 6.31683 8.85997 -1.29206 18.3196
4 15 -3.23242 1 3.30815 14.6155 6.48508 8.12601 0.00443682 17.9192
4 15 -3.23242 1.05 3.47356 15.3463 6.65332 7.57461 1.11837 17.7015
4 15 -3.23242 1.1 3.63897 16.0771 6.80443 7.01931 2.25333 17.4627


5 4 -2.34863 0.9 3.3998 12.7315 8.13872 5.85552 -1.26273 17.394
5 4 -2.34863 0.95 3.58867 13.4388 8.48272 5.57604 -0.619945 17.6474
5 4 -2.34863 1 3.77755 14.1461 8.80347 5.34464 -0.00199169 17.9257
5 4 -2.34863 1.05 3.96643 14.8534 9.12422 5.09028 0.638926 18.1809
5 4 -2.34863 1.1 4.15531 15.5607 9.44441 4.84991 1.26642 18.4496


5 5 -2.56836 0.9 3.30563 12.8257 7.8238 6.4271 -1.42521 17.5565
5 5 -2.56836 0.95 3.48927 13.5382 8.14519 6.13234 -0.739314 17.7668
5 5 -2.56836 1 3.67292 14.2508 8.45535 5.79519 0.000218524 17.9235
5 5 -2.56836 1.05 3.85656 14.9633 8.73671 5.52134 0.705247 18.1146
5 5 -2.56836 1.1 4.04021 15.6758 9.01807 5.23917 1.41859 18.2974


5 6 -2.74902 0.9 3.22246 12.9088 7.56354 6.84195 -1.49664 17.6279
5 6 -2.74902 0.95 3.40148 13.626 7.84558 6.49766 -0.717238 17.7447
5 6 -2.74902 1 3.58051 14.3432 8.12762 6.21235 0.00319061 17.9205
5 6 -2.74902 1.05 3.75953 15.0603 8.40966 5.87742 0.773241 18.0466
5 6 -2.74902 1.1 3.93856 15.7775 8.65672 5.54284 1.57792 18.1381


5 7 -2.88574 0.9 3.15273 12.9786 7.32605 7.30946 -1.65694 17.7882
5 7 -2.88574 0.95 3.32788 13.6996 7.60854 6.94342 -0.852352 17.8798
5 7 -2.88574 1 3.50303 14.4206 7.8805 6.54611 -0.00597058 17.9296
5 7 -2.88574 1.05 3.67818 15.1417 8.1215 6.20941 0.810761 18.0091
5 7 -2.88574 1.1 3.85334 15.8627 8.36251 5.86861 1.63158 18.0845


5 8 -3.01056 0.9 3.08768 13.0436 7.12592 7.61466 -1.69696 17.8283
5 8 -3.01056 0.95 3.25922 13.7683 7.38265 7.27049 -0.884881 17.9124
5 8 -3.01056 1 3.43076 14.4929 7.62415 6.88598 -0.0172198 17.9409
5 8 -3.01056 1.05 3.6023 15.2176 7.86565 6.52358 0.828331 17.9915
5 8 -3.01056 1.1 3.77384 15.9422 8.09753 6.15453 1.69014 18.0259


5 9 -3.11615 0.9 3.03609 13.0952 6.92918 7.99862 -1.83258 17.9639
5 9 -3.11615 0.95 3.20476 13.8227 7.17092 7.58327 -0.931461 17.959
5 9 -3.11615 1 3.37343 14.5502 7.41266 7.14585 -0.00826566 17.9319
5 9 -3.11615 1.05 3.5421 15.2778 7.64122 6.75554 0.880997 17.9389
5 9 -3.11615 1.1 3.71077 16.0053 7.84295 6.4078 1.75452 17.9615


5 10 -3.21777 0.9 2.98133 13.15 6.73235 8.29492 -1.87729 18.0086
5 10 -3.21777 0.95 3.14696 13.8805 6.97433 7.84569 -0.939487 17.967
5 10 -3.21777 1 3.31259 14.6111 7.20119 7.40191 0.00797571 17.9157
5 10 -3.21777 1.05 3.47822 15.3416 7.40317 6.9803 0.958171 17.8617
5 10 -3.21777 1.1 3.64385 16.0722 7.60514 6.57908 1.88796 17.8281


5 11 -3.30231 0.9 2.92813 13.2032 6.58165 8.5983 -1.97678 18.1081
5 11 -3.30231 0.95 3.09081 13.9367 6.81005 8.05968 -0.933041 17.9605
5 11 -3.30231 1 3.25348 14.6702 7.01238 7.62721 0.0306034 17.8931
5 11 -3.30231 1.05 3.41615 15.4037 7.21471 7.20038 0.988608 17.8312
5 11 -3.30231 1.1 3.57883 16.1372 7.41705 6.76244 1.95773 17.7583


5 12 -3.38623 0.9 2.88695 13.2444 6.42049 8.80024 -1.97637 18.1077
5 12 -3.38623 0.95 3.04734 13.9802 6.6229 8.2859 -0.928653 17.9561
5 12 -3.38623 1 3.20772 14.7159 6.82531 7.88968 0.000953244 17.9227
5 12 -3.38623 1.05 3.36811 15.4517 7.02772 7.39128 1.03274 17.7871
5 12 -3.38623 1.1 3.5285 16.1875 7.20249 6.91727 2.06778 17.6483


5 13 -3.44971 0.9 2.84239 13.2889 6.28658 9.08727 -2.08493 18.2162
5 13 -3.44971 0.95 3.0003 14.0272 6.48925 8.54056 -1.00262 18.0301
5 13 -3.44971 1 3.15821 14.7655 6.69193 8.07224 0.00129874 17.9224
5 13 -3.44971 1.05 3.31612 15.5037 6.87867 7.58338 1.04169 17.7782
5 13 -3.44971 1.1 3.47403 16.242 7.0474 7.18716 2.00744 17.7086


5 14 -3.51562 0.9 2.80461 13.3267 6.14681 9.36876 -2.18888 18.3202
5 14 -3.51562 0.95 2.96042 14.0671 6.34955 8.85199 -1.13447 18.162
5 14 -3.51562 1 3.11624 14.8074 6.54721 8.26375 -0.00351609 17.9272
5 14 -3.51562 1.05 3.27205 15.5478 6.716 7.75029 1.08152 17.7383
5 14 -3.51562 1.1 3.42786 16.2882 6.88479 7.3568 2.04659 17.6695


5 15 -3.57178 0.9 2.7696 13.3617 6.03758 9.68326 -2.35914 18.4904
5 15 -3.57178 0.95 2.92347 14.104 6.2407 9.04935 -1.18603 18.2135
5 15 -3.57178 1 3.07734 14.8463 6.41506 8.42906 0.00221793 17.9215
5 15 -3.57178 1.05 3.2312 15.5887 6.58404 7.99426 1.01035 17.8095
5 15 -3.57178 1.1 3.38507 16.331 6.75302 7.45935 2.11861 17.5974


6 4 -2.58301 0.9 3.3034 12.8279 8.14795 5.87883 -1.19887 17.3302
6 4 -2.58301 0.95 3.48692 13.5406 8.50946 5.66339 -0.632273 17.6598
6 4 -2.58301 1 3.67044 14.2532 8.84817 5.41002 -0.00495502 17.9286
6 4 -2.58301 1.05 3.85396 14.9659 9.16959 5.20908 0.587232 18.2326
6 4 -2.58301 1.1 4.03748 15.6786 9.491 4.99441 1.19314 18.5229


6 5 -2.80762 0.9 3.19571 12.9356 7.83512 6.43594 -1.33546 17.4668
6 5 -2.80762 0.95 3.37325 13.6542 8.15795 6.17167 -0.67538 17.7029
6 5 -2.80762 1 3.55079 14.3729 8.48078 5.90112 -0.00901351 17.9327
6 5 -2.80762 1.05 3.72833 15.0915 8.78646 5.63085 0.674226 18.1456
6 5 -2.80762 1.1 3.90587 15.8102 9.06885 5.41236 1.32897 18.3871


6 6 -2.97607 0.9 3.10089 13.0304 7.57638 6.91912 -1.46509 17.5964
6 6 -2.97607 0.95 3.27316 13.7543 7.88422 6.62566 -0.755554 17.783
6 6 -2.97607 1 3.44544 14.4782 8.16743 6.31108 -0.000275307 17.9239
6 6 -2.97607 1.05 3.61771 15.2021 8.45064 6.03877 0.712731 18.1071
6 6 -2.97607 1.1 3.78998 15.9261 8.73386 5.76462 1.42758 18.2885


6 7 -3.125 0.9 3.03112 13.1002 7.31711 7.36597 -1.58289 17.7142
6 7 -3.125 0.95 3.19952 13.828 7.60092 7.01154 -0.784488 17.812
6 7 -3.125 1 3.36791 14.5558 7.88474 6.67718 -0.00615373 17.9298
6 7 -3.125 1.05 3.53631 15.2835 8.15204 6.35146 0.780053 18.0398
6 7 -3.125 1.1 3.7047 16.0113 8.39395 6.10638 1.51101 18.205


6 8 -3.24707 0.9 2.96294 13.1684 7.09508 7.72867 -1.65538 17.7867
6 8 -3.24707 0.95 3.12755 13.8999 7.3793 7.30463 -0.783984 17.8115
6 8 -3.24707 1 3.29216 14.6315 7.62822 6.99682 0.00648046 17.9172
6 8 -3.24707 1.05 3.45676 15.3631 7.87042 6.69997 0.792704 18.0272
6 8 -3.24707 1.1 3.62137 16.0947 8.11263 6.37573 1.60631 18.1097


6 9 -3.35938 0.9 2.90477 13.2265 6.89766 8.05499 -1.72611 17.8574
6 9 -3.35938 0.95 3.06614 13.9613 7.14025 7.63823 -0.81713 17.8446
6 9 -3.35938 1 3.22752 14.6962 7.38284 7.3219 -0.00859234 17.9323
6 9 -3.35938 1.05 3.38889 15.431 7.62543 6.94792 0.857607 17.9622
6 9 -3.35938 1.1 3.55027 16.1658 7.85572 6.60934 1.70071 18.0153


6 10 -3.45367 0.9 2.84239 13.2889 6.7027 8.33991 -1.75369 17.885
6 10 -3.45367 0.95 3.0003 14.0272 6.94579 7.96952 -0.888117 17.9156
6 10 -3.45367 1 3.15821 14.7655 7.18888 7.56272 0.0138668 17.9098
6 10 -3.45367 1.05 3.31612 15.5037 7.41201 7.20311 0.888615 17.9312
6 10 -3.45367 1.1 3.47403 16.242 7.61469 6.87512 1.7522 17.9638


6 11 -3.5376 0.9 2.79428 13.337 6.53118 8.666 -1.86015 17.9915
6 11 -3.5376 0.95 2.94952 14.078 6.77443 8.26967 -0.966128 17.9936
6 11 -3.5376 1 3.10476 14.8189 6.99712 7.83172 -0.00991979 17.9336
6 11 -3.5376 1.05 3.25999 15.5599 7.19985 7.44742 0.912588 17.9073
6 11 -3.5376 1.1 3.41523 16.3008 7.40259 7.15203 1.74619 17.9698


6 12 -3.61328 0.9 2.74777 13.3835 6.38878 8.92212 -1.92736 18.0587
6 12 -3.61328 0.95 2.90042 14.1271 6.61791 8.52221 -1.01306 18.0405
6 12 -3.61328 1 3.05307 14.8706 6.82116 8.04326 0.00617377 17.9175
6 12 -3.61328 1.05 3.20573 15.6141 7.02441 7.67422 0.915498 17.9044
6 12 -3.61328 1.1 3.35838 16.3577 7.22766 7.28451 1.84548 17.8706


6 13 -3.69232 0.9 2.69713 13.4342 6.22907 9.15588 -1.95077 18.0821
6 13 -3.69232 0.95 2.84697 14.1805 6.43248 8.69747 -0.949428 17.9769
6 13 -3.69232 1 2.99681 14.9269 6.63588 8.27711 0.0138726 17.9098
6 13 -3.69232 1.05 3.14665 15.6732 6.83929 7.86573 0.968188 17.8517
6 13 -3.69232 1.1 3.29649 16.4195 7.02389 7.47582 1.91983 17.7962


6 14 -3.7561 0.9 2.65827 13.473 6.08579 9.43073 -2.04348 18.1748
6 14 -3.7561 0.95 2.80596 14.2215 6.28938 8.91375 -0.981602 18.0091
6 14 -3.7561 1 2.95364 14.97 6.49298 8.47923 -0.00217212 17.9258
6 14 -3.7561 1.05 3.10132 15.7185 6.68658 8.01916 1.0128 17.8071
6 14 -3.7561 1.1 3.249 16.467 6.85589 7.66173 1.94941 17.7666


6 15 -3.8205 0.9 2.61267 13.5186 5.94395 9.6542 -2.07951 18.2108
6 15 -3.8205 0.95 2.75782 14.2697 6.1477 9.10147 -0.979493 18.007
6 15 -3.8205 1 2.90297 15.0207 6.35034 8.65445 0.0159192 17.9078
6 15 -3.8205 1.05 3.04812 15.7717 6.5198 8.20465 1.04729 17.7726
6 15 -3.8205 1.1 3.19326 16.5228 6.68926 7.80224 2.03128 17.6848


7 4 -2.76123 0.9 3.21737 12.9139 8.16575 5.88728 -1.1391 17.2704
7 4 -2.76123 0.95 3.39612 13.6314 8.52838 5.67899 -0.575993 17.6035
7 4 -2.76123 1 3.57486 14.3488 8.89101 5.46024 -0.00243422 17.9261
7 4 -2.76123 1.05 3.7536 15.0663 9.22724 5.26712 0.571895 18.248
7 4 -2.76123 1.1 3.93234 15.7837 9.54978 5.09357 1.14034 18.5757


7 5 -2.9834 0.9 3.10005 13.0313 7.85438 6.44832 -1.27145 17.4028
7 5 -2.9834 0.95 3.27227 13.7552 8.17815 6.19775 -0.620682 17.6482
7 5 -2.9834 1 3.4445 14.4792 8.50191 5.985 -0.00773602 17.9314
7 5 -2.9834 1.05 3.61672 15.2031 8.82567 5.73755 0.639906 18.18
7 5 -2.9834 1.1 3.78895 15.9271 9.1337 5.52509 1.2683 18.4477


7 6 -3.16162 0.9 3.01469 13.1166 7.55531 6.91354 -1.35224 17.4835
7 6 -3.16162 0.95 3.18217 13.8453 7.87996 6.65746 -0.692105 17.7196
7 6 -3.16162 1 3.34966 14.574 8.17142 6.4033 -0.00069877 17.9244
7 6 -3.16162 1.05 3.51714 15.3027 8.45528 6.13473 0.712715 18.1071
7 6 -3.16162 1.1 3.68462 16.0314 8.73913 5.89323 1.39905 18.317


7 7 -3.30078 0.9 2.92813 13.2032 7.31855 7.36422 -1.4796 17.6109
7 7 -3.30078 0.95 3.09081 13.9367 7.60314 7.10318 -0.769637 17.7971
7 7 -3.30078 1 3.25348 14.6702 7.88774 6.78608 -0.00362002 17.9273
7 7 -3.30078 1.05 3.41615 15.4037 8.17233 6.48945 0.741923 18.0779
7 7 -3.30078 1.1 3.57883 16.1372 8.44207 6.23219 1.46296 18.2531


7 8 -3.42529 0.9 2.8617 13.2696 7.0738 7.72266 -1.52686 17.6582
7 8 -3.42529 0.95 3.02068 14.0068 7.35879 7.4366 -0.788582 17.8161
7 8 -3.42529 1 3.17967 14.744 7.64378 7.09695 0.00327269 17.9204
7 8 -3.42529 1.05 3.33865 15.4812 7.88802 6.83151 0.761683 18.0582
7 8 -3.42529 1.1 3.49763 16.2184 8.13099 6.56743 1.51999 18.1961


7 9 -3.53027 0.9 2.79461 13.3367 6.88276 8.08831 -1.63438 17.7657
7 9 -3.53027 0.95 2.94987 14.0776 7.15033 7.72514 -0.797846 17.8253
7 9 -3.53027 1 3.10512 14.8186 7.39358 7.42429 0.000674915 17.923
7 9 -3.53027 1.05 3.26038 15.5595 7.63684 7.13743 0.785217 18.0346
7 9 -3.53027 1.1 3.41563 16.3004 7.88009 6.84221 1.57811 18.1379


7 10 -3.63037 0.9 2.73228 13.399 6.68323 8.40743 -1.69163 17.8229
7 10 -3.63037 0.95 2.88407 14.1434 6.927 8.04048 -0.824071 17.8516
7 10 -3.63037 1 3.03587 14.8878 7.17077 7.71567 0.00136167 17.9223
7 10 -3.63037 1.05 3.18766 15.6322 7.41455 7.35904 0.858608 17.9612
7 10 -3.63037 1.1 3.33945 16.3766 7.63887 7.06173 1.67598 18.0401


7 11 -3.71002 0.9 2.68814 13.4432 6.50917 8.7684 -1.83441 17.9657
7 11 -3.71002 0.95 2.83748 14.19 6.75315 8.36163 -0.924781 17.9523
7 11 -3.71002 1 2.98682 14.9369 6.99714 7.95046 -0.0107439 17.9344
7 11 -3.71002 1.05 3.13616 15.6837 7.22032 7.58714 0.876242 17.9436
7 11 -3.71002 1.1 3.2855 16.4305 7.42378 7.32188 1.68488 18.0312


7 12 -3.7973 0.9 2.63718 13.4941 6.32825 8.9536 -1.78773 17.919
7 12 -3.7973 0.95 2.78369 14.2438 6.57251 8.58484 -0.913564 17.9411
7 12 -3.7973 1 2.9302 14.9935 6.79072 8.1926 0.010151 17.9135
7 12 -3.7973 1.05 3.07671 15.7431 6.99446 7.8123 0.936383 17.8835
7 12 -3.7973 1.1 3.22323 16.4928 7.1982 7.48975 1.80487 17.9112


7 13 -3.86719 0.9 2.58151 13.5498 6.19278 9.18511 -1.82809 17.9594
7 13 -3.86719 0.95 2.72492 14.3026 6.4115 8.78629 -0.895228 17.9227
7 13 -3.86719 1 2.86834 15.0553 6.61535 8.43533 0.00465236 17.919
7 13 -3.86719 1.05 3.01176 15.8081 6.81919 8.035 0.953911 17.8659
7 13 -3.86719 1.1 3.15517 16.5609 7.02304 7.70095 1.83688 17.8792


7 14 -3.93311 0.9 2.5363 13.595 6.05469 9.49176 -1.95144 18.0827
7 14 -3.93311 0.95 2.6772 14.3503 6.25906 9.05916 -0.967934 17.9954
7 14 -3.93311 1 2.81811 15.1056 6.46344 8.64318 -0.00105797 17.9247
7 14 -3.93311 1.05 2.95902 15.8608 6.66781 8.19035 1.00268 17.8172
7 14 -3.93311 1.1 3.09992 16.6161 6.8635 7.8357 1.91691 17.7991


7 15 -3.99414 0.9 2.4968 13.6345 5.90939 9.68153 -1.95641 18.0877
7 15 -3.99414 0.95 2.63551 14.392 6.11377 9.23157 -0.953352 17.9808
7 15 -3.99414 1 2.77422 15.1495 6.31814 8.82673 0.0045829 17.9191
7 15 -3.99414 1.05 2.91293 15.9069 6.52083 8.42568 0.96042 17.8594
7 15 -3.99414 1.1 3.05164 16.6644 6.69083 8.03521 1.93837 17.7777


