2 4 -0.498047 1 4.5312 13.3925 8.71286 4.67495 0.00466719 17.919 0 18.2524800000045 -0.333000000004515
2 5 -0.705566 1 4.45624 13.4674 8.43442 5.02561 0.00738871 17.9163 1 20.0427599996878 -2.11139999968784
2 6 -0.874023 1 4.41006 13.5136 8.19116 5.31405 0.00839611 17.9153 2 21.5311799927869 -3.55459999278732
2 7 -1.01898 1 4.35334 13.5703 7.97622 5.57543 0.0186771 17.905 3 22.8342799994999 -4.87499999949993
2 8 -1.14624 1 4.31287 13.6108 7.77956 5.82165 0.0095914 17.9141 4 24.3412399998688 -6.38779999986886
2 9 -1.25153 1 4.27085 13.6528 7.60765 6.02726 0.0179074 17.9058 5 25.3235799999722 -7.37619999997217
2 10 -1.33881 1 4.23047 13.6932 7.46873 6.2348 -0.0103295 17.934 6 26.3816399999833 -8.40599999998333
2 11 -1.41602 1 4.20445 13.7192 7.3448 6.37653 -0.00210718 17.9258 7 27.5402799999895 -9.49819999998945
2 12 -1.48926 1 4.17352 13.7501 7.22091 6.53798 -0.00873588 17.9324 8 28.5245799999939 -10.4813999999939
2 13 -1.57135 1 4.13809 13.7856 7.08242 6.71458 -0.0114172 17.9351 9 29.4349799999965 -11.4763999999965
2 14 -1.63086 1 4.11778 13.8059 6.98494 6.82476 -0.00380513 17.9275 10 30.4831599999953 -12.4971999999953
2 15 -1.68701 1 4.07996 13.8437 6.89272 6.95264 -0.00164744 17.9253 11 31.2123399999987 -13.2439999999987
3 4 -1.48438 1 4.1751 13.7486 8.72521 5.0214 0.00195923 17.9217 12 15.6326000000351 2.26599999996495
3 5 -1.68457 1 4.07996 13.8437 8.43736 5.40458 0.00177627 17.9219 13 17.2248399987779 0.743000001221997
3 6 -1.85547 1 4.01061 13.9131 8.15816 5.75129 0.00360943 17.9201 14 18.383379999985 -0.393799999985028
3 7 -2.00195 1 3.93628 13.9874 7.92025 6.06657 0.000566564 17.9231 15 19.7562599999109 -1.78939999991093
3 8 -2.13867 1 3.8865 14.0372 7.67473 6.36 0.00244435 17.9212 16 20.9676799852968 -3.04739998529738
3 9 -2.23877 1 3.83251 14.0912 7.49271 6.59726 0.00119005 17.9225 17 21.9810399992156 -4.03399999921573
3 10 -2.32391 1 3.78103 14.1426 7.34089 6.79255 0.00921119 17.9145 18 22.6947399998643 -4.68519999986433
3 11 -2.41699 1 3.74911 14.1746 7.16258 7.00858 0.00340473 17.9203 19 23.8047999998784 -5.82959999987844
3 12 -2.49329 1 3.70929 14.2144 7.01274 7.20935 -0.00771082 17.9314 20 24.0596199999919 -6.07079999999187
3 13 -2.56622 1 3.67292 14.2508 6.87244 7.41715 -0.0388329 17.9625 21 25.2526199999594 -7.2687999999594
3 14 -2.63275 1 3.63731 14.2864 6.74696 7.56379 -0.024383 17.9481 22 25.5422999999944 -7.60179999999442
3 15 -2.7002 1 3.60145 14.3222 6.6171 7.70564 -0.000508289 17.9242 23 26.6295599999852 -8.69319999998524
4 4 -2.00928 1 3.93475 13.9889 8.7682 5.22817 -0.00744249 17.9311 24 13.9644400001046 3.96059999989545
4 5 -2.23083 1 3.83888 14.0848 8.418 5.65733 0.00946389 17.9142 25 15.3261199999747 2.57660000002533
4 6 -2.39868 1 3.76008 14.1636 8.14772 6.01183 0.00403182 17.9196 26 16.9165599994741 1.03700000052583
4 7 -2.54883 1 3.6863 14.2374 7.8649 6.3781 -0.00563506 17.9293 27 17.7133800000066 0.201199999993392
4 8 -2.6709 1 3.6157 14.308 7.6434 6.67327 -0.00869941 17.9324 28 18.4873399977178 -0.553199997717756
4 9 -2.7774 1 3.5666 14.3571 7.43641 6.93109 -0.0104298 17.9341 29 19.7773399999916 -1.82879999999162
4 10 -2.88086 1 3.50603 14.4176 7.21965 7.19273 0.00527276 17.9184 30 20.3362399936231 -2.44139999362342
4 11 -2.96082 1 3.4601 14.4636 7.06153 7.41012 -0.00807861 17.9318 31 20.9558399986208 -3.02119999862093
4 12 -3.03711 1 3.4211 14.5026 6.90866 7.5918 0.0021072 17.9216 32 22.1013199990725 -4.1351999990726
4 13 -3.11035 1 3.37976 14.5439 6.7505 7.79351 -9.97465e-05 17.9238 33 22.5237799999172 -4.57639999991721
4 14 -3.17383 1 3.33358 14.5901 6.61069 7.97572 0.0036782 17.92 34 23.0012399999455 -5.05039999994548
4 15 -3.23242 1 3.30815 14.6155 6.48508 8.12601 0.00443682 17.9192 35 23.6389999999533 -5.64539999995333
5 4 -2.34863 1 3.77755 14.1461 8.80347 5.34464 -0.00199169 17.9257 36 12.6301200005034 5.28939999949676
5 5 -2.56836 1 3.67292 14.2508 8.45535 5.79519 0.000218524 17.9235 37 14.2725599999961 3.65920000000385
5 6 -2.74902 1 3.58051 14.3432 8.12762 6.21235 0.00319061 17.9205 38 15.2509599999678 2.64460000003222
5 7 -2.88574 1 3.50303 14.4206 7.8805 6.54611 -0.00597058 17.9296 39 16.4944399996542 1.4438000003457
5 8 -3.01056 1 3.43076 14.4929 7.62415 6.88598 -0.0172198 17.9409 40 16.9911999929967 0.948600007002995
5 9 -3.11615 1 3.37343 14.5502 7.41266 7.14585 -0.00826566 17.9319 41 18.000840000038 -0.049800000037977
5 10 -3.21777 1 3.31259 14.6111 7.20119 7.40191 0.00797571 17.9157 42 18.8488199999894 -0.93259999998944
5 11 -3.30231 1 3.25348 14.6702 7.01238 7.62721 0.0306034 17.8931 43 19.568039999997 -1.65779999999704
5 12 -3.38623 1 3.20772 14.7159 6.82531 7.88968 0.000953244 17.9227 44 20.0599799912235 -2.17559999122383
5 13 -3.44971 1 3.15821 14.7655 6.69193 8.07224 0.00129874 17.9224 45 20.4652999984778 -2.53419999847789
5 14 -3.51562 1 3.11624 14.8074 6.54721 8.26375 -0.00351609 17.9272 46 21.4136399981732 -3.45019999817333
5 15 -3.57178 1 3.07734 14.8463 6.41506 8.42906 0.00221793 17.9215 47 22.3864599995926 -4.37999999959266
6 4 -2.58301 1 3.67044 14.2532 8.84817 5.41002 -0.00495502 17.9286 48 12.0184200014772 5.91639999852311
6 5 -2.80762 1 3.55079 14.3729 8.48078 5.90112 -0.00901351 17.9327 49 13.3604199999983 4.56660000000166
6 6 -2.97607 1 3.44544 14.4782 8.16743 6.31108 -0.000275307 17.9239 50 14.5231799999926 3.41660000000739
6 7 -3.125 1 3.36791 14.5558 7.88474 6.67718 -0.00615373 17.9298 51 15.5213599999514 2.41880000004857
6 8 -3.24707 1 3.29216 14.6315 7.62822 6.99682 0.00648046 17.9172 52 16.2070599996321 1.72340000036788
6 9 -3.35938 1 3.22752 14.6962 7.38284 7.3219 -0.00859234 17.9323 53 17.0555599959406 0.86680000405921
6 10 -3.45367 1 3.15821 14.7655 7.18888 7.56272 0.0138668 17.9098 54 17.5746800000003 0.346399999999734
6 11 -3.5376 1 3.10476 14.8189 6.99712 7.83172 -0.00991979 17.9336 55 18.2185599999154 -0.259399999915409
6 12 -3.61328 1 3.05307 14.8706 6.82116 8.04326 0.00617377 17.9175 56 18.9829399993907 -1.0245999993907
6 13 -3.69232 1 2.99681 14.9269 6.63588 8.27711 0.0138726 17.9098 57 19.3173400000018 -1.39400000000184
6 14 -3.7561 1 2.95364 14.97 6.49298 8.47923 -0.00217212 17.9258 58 19.9734799737172 -2.0367999737179
6 15 -3.8205 1 2.90297 15.0207 6.35034 8.65445 0.0159192 17.9078 59 20.4893999967831 -2.57279999678324
7 4 -2.76123 1 3.57486 14.3488 8.89101 5.46024 -0.00243422 17.9261 60 11.4145400019326 6.51019999806756
7 5 -2.9834 1 3.4445 14.4792 8.50191 5.985 -0.00773602 17.9314 61 12.6788199999994 5.24320000000057
7 6 -3.16162 1 3.34966 14.574 8.17142 6.4033 -0.00069877 17.9244 62 13.8013199999967 4.10900000000327
7 7 -3.30078 1 3.25348 14.6702 7.88774 6.78608 -0.00362002 17.9273 63 14.8028599999858 3.13040000001422
7 8 -3.42529 1 3.17967 14.744 7.64378 7.09695 0.00327269 17.9204 64 15.2939999999542 2.63580000004576
7 9 -3.53027 1 3.10512 14.8186 7.39358 7.42429 0.000674915 17.923 65 16.0298999997822 1.90740000021779
7 10 -3.63037 1 3.03587 14.8878 7.17077 7.71567 0.00136167 17.9223 66 16.8316199979503 1.08800000204958
7 11 -3.71002 1 2.98682 14.9369 6.99714 7.95046 -0.0107439 17.9344 67 17.7208399376192 0.244600062379514
7 12 -3.7973 1 2.9302 14.9935 6.79072 8.1926 0.010151 17.9135 68 18.0600599996161 -0.146399999616103
7 13 -3.86719 1 2.86834 15.0553 6.61535 8.43533 0.00465236 17.919 69 18.343639993996 -0.434399993995955
7 14 -3.93311 1 2.81811 15.1056 6.46344 8.64318 -0.00105797 17.9247 70 19.4146199999622 -1.49079999996219
7 15 -3.99414 1 2.77422 15.1495 6.31814 8.82673 0.0045829 17.9191 71 19.4077400002316 -1.48280000023161
